  20160101,   41,   -2,   75
  20160102,   54,   46,   63
  20160103,   69,   52,   82
  20160104,   57,   38,   70
  20160105,   68,   47,   77
  20160106,   26,   16,   47
  20160107,   61,   35,   79
  20160108,   54,   14,   83
  20160109,   56,   10,   79
  20160110,   69,   50,   90
  20160111,   48,   21,   67
  20160112,   58,   47,   72
  20160113,   50,   24,   70
  20160114,   35,   16,   53
  20160115,   24,  -12,   40
  20160116,   27,  -16,   56
  20160117,  -10,  -56,   30
  20160118,  -33,  -67,    0
  20160119,  -25,  -80,    7
  20160120,   12,  -37,   53
  20160121,  -12,  -43,   15
  20160122,    9,  -22,   57
  20160123,   66,   28,   90
  20160124,   77,   50,  104
  20160125,  107,   74,  146
  20160126,   92,   66,  111
  20160127,  109,   86,  124
  20160128,   67,   49,   90
  20160129,   85,   53,  100
  20160130,   74,   51,   99
  20160131,   68,   36,  108
  20160201,  115,  106,  119
  20160202,   89,   65,  114
  20160203,   50,   31,   70
  20160204,   51,   29,   77
  20160205,   87,   50,  109
  20160206,   94,   83,  106
  20160207,   85,   66,  111
  20160208,   85,   70,   99
  20160209,   53,   33,   82
  20160210,   48,   18,   83
  20160211,   38,  -16,   83
  20160212,   27,  -17,   66
  20160213,   18,  -20,   44
  20160214,   14,    5,   26
  20160215,   23,  -31,   56
  20160216,   -3,  -50,   61
  20160217,  -13,  -52,   35
  20160218,   13,  -23,   31
  20160219,   39,   12,   83
  20160220,   82,   50,  111
  20160221,  104,   86,  116
  20160222,   68,   44,  113
  20160223,   43,    8,   79
  20160224,   23,  -14,   65
  20160225,   18,  -10,   54
  20160226,   21,   -7,   55
  20160227,   22,  -16,   63
  20160228,   22,  -17,   66
  20160229,   13,  -43,   67
  20160301,   20,  -54,   86
  20160302,   53,   27,   90
  20160303,   39,   -4,   84
  20160304,   10,  -25,   32
  20160305,    5,  -45,   64
  20160306,   30,    7,   73
  20160307,   25,   -8,   78
  20160308,   36,  -22,   83
  20160309,   44,   14,   81
  20160310,   41,  -12,   92
  20160311,   32,  -15,   85
  20160312,   31,  -27,  101
  20160313,   39,  -16,   99
  20160314,   41,  -20,  104
  20160315,   46,   -6,   83
  20160316,   44,   -2,   90
  20160317,   57,    0,  120
  20160318,   52,   24,   68
  20160319,   62,   51,   75
  20160320,   68,   42,   96
  20160321,   72,   58,   93
  20160322,   76,   46,  101
  20160323,   76,   62,  101
  20160324,   79,   66,   99
  20160325,   65,    0,   96
  20160326,   95,    6,  149
  20160327,   91,   55,  133
  20160328,   97,   75,  129
  20160329,   78,   55,  112
  20160330,   81,   43,  117
  20160331,   76,   31,  116
  20160401,   72,   12,  130
  20160402,  101,   37,  134
  20160403,  152,  121,  204
  20160404,  124,   75,  158
  20160405,  106,   80,  133
  20160406,   89,   68,  117
  20160407,   73,   53,  104
  20160408,   67,   16,  115
  20160409,   92,   10,  149
  20160410,  107,   52,  157
  20160411,  132,   73,  182
  20160412,  116,   50,  167
  20160413,   90,   36,  158
  20160414,  106,   29,  167
  20160415,  103,   89,  141
  20160416,   86,   54,  118
  20160417,   62,   10,  106
  20160418,   81,   -1,  130
  20160419,   97,   40,  136
  20160420,   86,   30,  138
  20160421,  101,   27,  166
  20160422,   87,   57,  125
  20160423,   62,   30,   93
  20160424,   46,   21,   88
  20160425,   49,   17,   80
  20160426,   48,   13,   77
  20160427,   60,   32,  107
  20160428,   58,    7,   93
  20160429,   74,   46,  106
  20160430,   77,   28,  112
  20160501,   79,   -1,  141
  20160502,  115,   16,  179
  20160503,   97,   30,  140
  20160504,   95,   17,  160
  20160505,  128,   29,  188
  20160506,  164,   81,  236
  20160507,  195,   94,  258
  20160508,  201,  127,  252
  20160509,  202,  142,  253
  20160510,  189,  154,  221
  20160511,  204,  141,  255
  20160512,  202,  144,  251
  20160513,  154,   97,  222
  20160514,   89,   64,  121
  20160515,   86,   53,  121
  20160516,   93,   40,  136
  20160517,  123,   50,  181
  20160518,  136,   83,  187
  20160519,  134,  104,  173
  20160520,  137,  107,  186
  20160521,  179,  107,  234
  20160522,  155,  129,  190
  20160523,  120,  105,  133
  20160524,  114,   98,  146
  20160525,  118,   77,  145
  20160526,  137,   56,  193
  20160527,  160,  106,  209
  20160528,  176,  112,  227
  20160529,  172,  140,  205
  20160530,  162,  153,  180
  20160531,  182,  131,  226
  20160601,  192,  154,  243
  20160602,  153,  137,  172
  20160603,  164,  137,  214
  20160604,  201,  141,  275
  20160605,  200,  137,  256
  20160606,  189,  117,  256
  20160607,  201,  153,  265
  20160608,  161,  127,  216
  20160609,  153,  110,  203
  20160610,  164,  108,  212
  20160611,  162,  120,  208
  20160612,  166,  135,  211
  20160613,  159,  146,  190
  20160614,  152,  111,  191
  20160615,  146,  113,  187
  20160616,  157,   92,  211
  20160617,  151,  111,  195
  20160618,  141,   99,  171
  20160619,  153,  121,  189
  20160620,  155,  141,  168
  20160621,  170,  134,  201
  20160622,  201,  147,  249
  20160623,  220,  182,  284
  20160624,  192,  133,  227
  20160625,  154,  109,  193
  20160626,  149,  121,  183
  20160627,  149,  109,  189
  20160628,  167,   92,  218
  20160629,  160,  132,  202
  20160630,  164,  144,  192
  20160701,  169,  143,  198
  20160702,  154,  120,  187
  20160703,  147,   99,  198
  20160704,  170,   86,  228
  20160705,  154,  115,  181
  20160706,  149,   94,  194
  20160707,  168,   83,  221
  20160708,  175,  151,  212
  20160709,  197,  146,  236
  20160710,  213,  159,  274
  20160711,  186,  162,  217
  20160712,  166,  125,  203
  20160713,  145,  111,  183
  20160714,  145,   87,  192
  20160715,  166,   91,  213
  20160716,  197,  169,  226
  20160717,  198,  145,  238
  20160718,  202,  132,  265
  20160719,  228,  120,  295
  20160720,  254,  188,  329
  20160721,  218,  164,  274
  20160722,  211,  168,  261
  20160723,  211,  176,  253
  20160724,  207,  155,  255
  20160725,  182,  126,  224
  20160726,  184,  114,  234
  20160727,  179,  160,  213
  20160728,  190,  154,  235
  20160729,  183,  154,  212
  20160730,  177,  160,  209
  20160731,  170,  129,  205
  20160801,  165,  131,  210
  20160802,  166,  136,  186
  20160803,  190,  164,  217
  20160804,  173,  150,  208
  20160805,  176,  129,  216
  20160806,  164,  105,  224
  20160807,  184,  105,  228
  20160808,  172,  125,  205
  20160809,  144,  103,  185
  20160810,  128,   69,  168
  20160811,  136,   67,  163
  20160812,  189,  163,  226
  20160813,  176,  143,  215
  20160814,  170,   96,  217
  20160815,  161,   82,  217
  20160816,  163,  114,  210
  20160817,  172,  100,  234
  20160818,  177,   97,  242
  20160819,  181,   98,  243
  20160820,  178,  148,  229
  20160821,  167,  147,  198
  20160822,  180,  142,  227
  20160823,  210,  140,  269
  20160824,  228,  170,  302
  20160825,  243,  172,  310
  20160826,  221,  176,  262
  20160827,  216,  161,  265
  20160828,  205,  177,  246
  20160829,  172,  100,  214
  20160830,  162,   85,  238
  20160831,  174,   86,  254
  20160901,  172,  102,  229
  20160902,  166,   97,  217
  20160903,  185,  144,  229
  20160904,  179,  157,  213
  20160905,  173,  115,  228
  20160906,  177,  113,  242
  20160907,  183,  114,  268
  20160908,  196,  116,  276
  20160909,  169,  117,  229
  20160910,  184,  113,  257
  20160911,  185,  148,  217
  20160912,  209,  150,  281
  20160913,  235,  152,  312
  20160914,  230,  153,  314
  20160915,  226,  165,  290
  20160916,  174,  155,  212
  20160917,  173,  137,  216
  20160918,  167,  142,  207
  20160919,  144,   95,  198
  20160920,  145,   79,  200
  20160921,  147,   83,  207
  20160922,  138,   69,  213
  20160923,  136,   73,  203
  20160924,  152,   83,  236
  20160925,  163,  121,  243
  20160926,  135,   76,  191
  20160927,  145,   56,  204
  20160928,  187,  162,  216
  20160929,  159,  138,  177
  20160930,  145,  108,  187
  20161001,  135,   99,  176
  20161002,  121,   88,  157
  20161003,  145,  111,  190
  20161004,  130,   99,  173
  20161005,   98,   54,  141
  20161006,   94,   39,  127
  20161007,  118,  100,  145
  20161008,  110,   65,  142
  20161009,   79,   13,  145
  20161010,   79,   19,  135
  20161011,   80,    3,  131
  20161012,   89,   68,  110
  20161013,   91,   77,  114
  20161014,   99,   73,  134
  20161015,  107,   89,  137
  20161016,  133,   82,  188
  20161017,  121,   82,  163
  20161018,  102,   75,  128
  20161019,   88,   44,  120
  20161020,   85,   27,  120
  20161021,   76,   15,  127
  20161022,   67,   10,  104
  20161023,   48,   -7,  116
  20161024,   71,   41,   95
  20161025,   87,   79,  101
  20161026,   95,   40,  126
  20161027,  118,  104,  138
  20161028,  131,  103,  148
  20161029,   96,   52,  154
  20161030,   87,   41,  153
  20161031,   85,   29,  162
  20161101,   81,   40,  138
  20161102,   72,   22,  117
  20161103,   67,    8,  120
  20161104,   76,   63,   97
  20161105,   69,   49,  108
  20161106,   61,   24,   93
  20161107,   42,   -1,   57
  20161108,   19,  -29,   56
  20161109,   30,    5,   43
  20161110,   40,   31,   52
  20161111,   18,  -31,   58
  20161112,   20,  -33,   50
  20161113,   27,  -10,   47
  20161114,   31,  -23,   69
  20161115,  108,   69,  129
  20161116,  119,   93,  142
  20161117,   93,   76,  115
  20161118,   60,   32,   82
  20161119,   58,   40,   81
  20161120,   84,   48,  125
  20161121,  120,   81,  139
  20161122,  110,   65,  142
  20161123,   79,   37,  111
  20161124,   66,   30,   87
  20161125,   33,   -6,   84
  20161126,   -1,  -26,   36
  20161127,   56,  -10,   94
  20161128,   -3,  -41,   42
  20161129,  -31,  -70,   43
  20161130,   20,  -70,   68
  20161201,   79,   51,   94
  20161202,   52,  -25,   94
  20161203,   -1,  -43,   81
  20161204,  -14,  -50,   40
  20161205,  -27,  -69,   41
  20161206,    1,  -53,   54
  20161207,   63,   18,   95
  20161208,   82,   64,   96
  20161209,   91,   74,  104
  20161210,   78,   66,   92
  20161211,   85,   69,   96
  20161212,   53,    8,   76
  20161213,   66,   53,   75
  20161214,   73,   48,   91
  20161215,   65,   52,   79
  20161216,   54,   27,   75
  20161217,   61,   32,   85
  20161218,   62,   26,   91
  20161219,   43,   -2,   75
  20161220,   -6,  -27,   10
  20161221,   41,    0,   71
  20161222,   59,   48,   69
  20161223,   60,   43,   80
  20161224,   79,   61,   97
  20161225,  104,   81,  117
  20161226,   83,   61,  118
  20161227,   66,   30,   93
  20161228,   10,  -31,   43
  20161229,  -22,  -40,   -8
  20161230,  -11,  -40,   15
  20161231,   18,    8,   33
